OFF
127 144 0

-4.98039 -0.31168 -1.5
-3.54551 -3.51602 -1.5
-0.250001 -4.99013 -1.5
-4.98039 -0.31168 -12.75
-0.250001 -4.99013 -12.75
-0.25 -0.25 -15
3.5 -0.25 -15
3.27981 -3.76552 -12.75
4.9932 -0.108013 -12.75
-3.7512 3.29417 -12.75
-0.25 3.5 -15
3.52932 3.53122 -12.75
-0.250001 4.99013 -12.75
-0.250001 -4.99013 -9
-4.98039 -0.31168 -9
3.27981 -3.76552 -9
4.9932 -0.108013 -9
-3.7512 3.29417 -9
3.52932 3.53122 -9
-0.250001 4.99013 -9
-4 -4 -5
-0.25 -7.75 -5
3.5 -4 -5
-7.75 -0.25 -5
7.25 -0.25 -5
-4 3.5 -5
3.52932 3.53122 -5.25
-0.25 7.25 -5
-10 -7.75 -1.5
-7.75 -10 -1.5
-7.75 -7.75 -5
-4 -7.75 -5
-4 -10 -1.5
-0.25 -10 -1.5
3.5 -7.75 -5
3.5 -10 -1.5
7.25 -7.75 -5
7.25 -10 -1.5
10 -7.75 -1.5
-10 -4 -1.5
-7.75 -4 -5
7.25 -4 -5
10 -4 -1.5
-10 -0.25 -1.5
-0.25 -0.25 -1.5
10 -0.25 -1.5
-10 3.5 -1.5
-7.75 3.5 -5
3.52932 3.53122 -1.5
3.5 -0.25 -1.5
-0.25 3.5 -1.5
7.25 3.5 -5
10 3.5 -1.5
-10 7.25 -1.5
-7.75 7.25 -5
-4 7.25 -5
3.5 7.25 -5
7.25 7.25 -5
10 7.25 -1.5
-7.75 10 -1.5
-4 10 -1.5
-0.25 10 -1.5
3.5 10 -1.5
7.25 10 -1.5
-7.75 -10 2.25
-10 -7.75 2.25
-4 -10 2.25
-0.25 -10 2.25
3.5 -10 2.25
7.25 -10 2.25
10 -7.75 2.25
-10 -4 2.25
10 -4 2.25
-10 -0.25 2.25
10 -0.25 2.25
-10 3.5 2.25
10 3.5 2.25
-10 7.25 2.25
10 7.25 2.25
-7.75 10 2.25
-4 10 2.25
-0.25 10 2.25
3.5 10 2.25
7.25 10 2.25
-7.75 -7.75 5
-4 -7.75 5
-0.25 -7.75 5
3.5 -7.75 5
7.25 -7.75 5
-7.75 -4 5
-3.54551 -3.51602 6
-0.250001 -4.99013 6
3.27981 -3.76552 6
7.25 -4 5
-7.75 -0.25 5
-4.98039 -0.31168 6
7.25 -0.25 5
-7.75 3.5 5
-3.7512 3.29417 6
-0.25 3.5 2.25
-0.25 -0.25 2.25
3.5 -0.25 2.25
3.52932 3.53122 2.25
7.25 3.5 5
3.52932 3.53122 6
-7.75 7.25 5
-4 7.25 5
-0.25 7.25 5
3.5 7.25 5
7.25 7.25 5
-0.250001 -4.99013 9.75
-4.98039 -0.31168 9.75
3.27981 -3.76552 9.75
4.9932 -0.108013 9.75
-3.7512 3.29417 9.75
3.52932 3.53122 9.75
-0.250001 4.99013 9.75
-0.250001 -4.99013 13.5
-4.98039 -0.31168 13.5
3.27981 -3.76552 13.5
4.9932 -0.108013 13.5
-3.7512 3.29417 13.5
3.52932 3.53122 13.5
-0.250001 4.99013 13.5
-0.25 -0.25 15
3.5 -0.25 15
-0.25 3.5 15

3 0 1 2  1 1 1 
3 3 4 5  1 1 1 
4 6 5 4 7  1 1 1 
3 7 8 6  1 1 1 
4 9 3 5 10  1 1 1 
3 5 11 10  1 1 1 
3 6 11 5  1 1 1 
3 8 11 6  1 1 1 
3 10 12 9  1 1 1 
3 11 12 10  1 1 1 
4 13 4 3 14  1 1 1 
4 4 13 15 7  1 1 1 
4 16 8 7 15  1 1 1 
4 3 9 17 14  1 1 1 
4 18 11 8 16  1 1 1 
4 12 19 17 9  1 1 1 
4 19 12 11 18  1 1 1 
3 20 21 13  1 1 1 
3 21 22 13  1 1 1 
3 23 20 14  1 1 1 
3 13 14 20  1 1 1 
3 15 13 22  1 1 1 
4 24 16 15 22  1 1 1 
3 14 25 23  1 1 1 
3 17 25 14  1 1 1 
4 26 18 16 24  1 1 1 
4 19 27 25 17  1 1 1 
4 27 19 18 26  1 1 1 
3 28 29 30  1 1 1 
4 31 30 29 32  1 1 1 
4 21 31 32 33  1 1 1 
4 34 21 33 35  1 1 1 
4 36 34 35 37  1 1 1 
3 37 38 36  1 1 1 
4 39 28 30 40  1 1 1 
4 30 31 20 40  1 1 1 
3 31 21 20  1 1 1 
3 34 22 21  1 1 1 
4 34 36 41 22  1 1 1 
4 41 36 38 42  1 1 1 
4 43 39 40 23  1 1 1 
3 40 20 23  1 1 1 
4 1 0 44 2  1 1 1 
3 41 24 22  1 1 1 
4 24 41 42 45  1 1 1 
4 46 43 23 47  1 1 1 
3 47 23 25  1 1 1 
4 48 49 44 50  1 1 1 
3 51 26 24  1 1 1 
4 51 24 45 52  1 1 1 
4 53 46 47 54  1 1 1 
4 47 25 55 54  1 1 1 
3 55 25 27  1 1 1 
3 56 27 26  1 1 1 
4 26 51 57 56  1 1 1 
4 57 51 52 58  1 1 1 
3 54 59 53  1 1 1 
4 60 59 54 55  1 1 1 
4 61 60 55 27  1 1 1 
4 62 61 27 56  1 1 1 
4 63 62 56 57  1 1 1 
3 58 63 57  1 1 1 
4 64 29 28 65  1 1 1 
4 29 64 66 32  1 1 1 
4 32 66 67 33  1 1 1 
4 33 67 68 35  1 1 1 
4 35 68 69 37  1 1 1 
4 70 38 37 69  1 1 1 
4 28 39 71 65  1 1 1 
4 38 70 72 42  1 1 1 
4 39 43 73 71  1 1 1 
4 42 72 74 45  1 1 1 
4 43 46 75 73  1 1 1 
4 45 74 76 52  1 1 1 
4 46 53 77 75  1 1 1 
4 52 76 78 58  1 1 1 
4 59 79 77 53  1 1 1 
4 59 60 80 79  1 1 1 
4 60 61 81 80  1 1 1 
4 61 62 82 81  1 1 1 
4 62 63 83 82  1 1 1 
4 83 63 58 78  1 1 1 
3 84 64 65  1 1 1 
4 66 64 84 85  1 1 1 
4 67 66 85 86  1 1 1 
4 68 67 86 87  1 1 1 
4 69 68 87 88  1 1 1 
3 88 70 69  1 1 1 
4 89 84 65 71  1 1 1 
4 84 89 90 85  1 1 1 
4 85 90 91 86  1 1 1 
4 86 91 92 87  1 1 1 
4 87 92 93 88  1 1 1 
4 72 70 88 93  1 1 1 
4 94 89 71 73  1 1 1 
4 89 94 95 90  1 1 1 
3 90 95 91  1 1 1 
3 93 92 96  1 1 1 
4 74 72 93 96  1 1 1 
4 97 94 73 75  1 1 1 
4 94 97 98 95  1 1 1 
4 99 100 101 102  1 1 1 
3 103 96 104  1 1 1 
4 76 74 96 103  1 1 1 
4 105 97 75 77  1 1 1 
4 97 105 106 98  1 1 1 
3 106 107 98  1 1 1 
3 108 104 107  1 1 1 
4 104 108 109 103  1 1 1 
4 78 76 103 109  1 1 1 
3 77 79 105  1 1 1 
4 79 80 106 105  1 1 1 
4 80 81 107 106  1 1 1 
4 81 82 108 107  1 1 1 
4 82 83 109 108  1 1 1 
3 109 83 78  1 1 1 
4 110 91 95 111  1 1 1 
4 91 110 112 92  1 1 1 
4 113 96 92 112  1 1 1 
4 95 98 114 111  1 1 1 
4 115 104 96 113  1 1 1 
4 107 116 114 98  1 1 1 
4 116 107 104 115  1 1 1 
4 117 110 111 118  1 1 1 
4 110 117 119 112  1 1 1 
4 120 113 112 119  1 1 1 
4 111 114 121 118  1 1 1 
4 122 115 113 120  1 1 1 
4 116 123 121 114  1 1 1 
4 123 116 115 122  1 1 1 
3 124 117 118  1 1 1 
4 119 117 124 125  1 1 1 
3 125 120 119  1 1 1 
4 126 124 118 121  1 1 1 
3 124 122 125  1 1 1 
3 126 122 124  1 1 1 
3 125 122 120  1 1 1 
3 121 123 126  1 1 1 
3 126 123 122  1 1 1 
3 44 0 2  1 1 1 
3 101 100 102  1 1 1 
3 49 48 44  1 1 1 
3 99 102 100  1 1 1 
3 50 44 48  1 1 1 
